Contract	Open		High		Low		Close		Prev Settle	Settle		Chg		Volume		OI		OI Chg		Turnover	
a2111		6,146		6,172		6,110		6,127		6,143		6,135		-16		6,904		7,562		-3,555		423,593.14	
a2201		6,167		6,198		6,118		6,143		6,160		6,153		-17		133,393		111,930		-5,164		8,208,661.38	
a2203		6,210		6,212		6,135		6,164		6,175		6,170		-11		34,524		64,752		-891		2,130,172.84	
a2205		6,133		6,163		6,097		6,125		6,128		6,125		-3		3,072		5,899		-27		188,165.75	
a2207		6,093		6,114		6,050		6,073		6,082		6,077		-9		5,991		8,573		139		364,106		
a2209		6,008		6,008		5,968		5,990		5,959		5,980		31		50		93		24		2,990.11	
a Subtotal	-		-		-		0		0		0		0		183,934		198,809		-9,474		11,317,689.22	
b2111		4,579		4,595		4,213		4,335		4,579		4,464		-244		4,034		704		-1,021		180,091.76	
b2112		4,401		4,449		4,304		4,347		4,397		4,375		-50		49,308		14,041		-2,449		2,157,443.32	
b2201		4,280		4,311		4,226		4,259		4,287		4,263		-28		12,117		14,897		365		516,562.57	
b2202		4,138		4,160		4,084		4,112		4,153		4,118		-41		5,992		7,960		352		246,801.98	
b2203		4,062		4,072		4,007		4,041		4,067		4,035		-26		749		2,787		103		30,222.25	
b2204		0		0		0		4,021		4,021		4,021		0		0		3		0		0		
b2205		3,939		3,978		3,922		3,942		3,955		3,954		-13		382		1,631		127		15,106.87	
b2206		0		0		0		3,935		3,895		3,935		40		0		6		0		0		
b2207		3,947		3,947		3,947		3,947		3,982		3,947		-35		50		604		50		1,973.5		
b2208		0		0		0		3,939		3,939		3,939		0		0		1		0		0		
b2209		3,969		3,969		3,969		3,969		3,986		3,969		-17		1		15		0		39.69		
b2210		0		0		0		3,989		4,006		3,989		-17		0		2		0		0		
b Subtotal	-		-		-		0		0		0		0		72,633		42,651		-2,473		3,148,241.94	
bb2111		0		0		0		302.35		302.35		302.35		0		0		0		0		0		
bb2112		0		0		0		373.3		373.3		373.3		0		0		0		0		0		
bb2201		0		0		0		373.3		373.3		373.3		0		0		0		0		0		
bb2202		0		0		0		373.3		373.3		373.3		0		0		0		0		0		
bb2203		0		0		0		373.3		373.3		373.3		0		0		0		0		0		
bb2204		0		0		0		373.3		373.3		373.3		0		0		0		0		0		
bb2205		0		0		0		373.3		373.3		373.3		0		0		0		0		0		
bb2206		0		0		0		373.3		373.3		373.3		0		0		0		0		0		
bb2207		0		0		0		373.3		373.3		373.3		0		0		0		0		0		
bb2208		0		0		0		373.3		373.3		373.3		0		0		0		0		0		
bb2209		0		0		0		373.3		373.3		373.3		0		0		0		0		0		
bb2210		0		0		0		373.3		373.3		373.3		0		0		0		0		0		
bb Subtotal	-		-		-		0		0		0		0		0		0		0		0		
c2111		2,600		2,600		2,555		2,557		2,592		2,572		-35		7,639		37,707		-6,170		196,480.19	
c2201		2,609		2,611		2,565		2,587		2,611		2,590		-24		820,926		701,823		-64,900		21,262,057.53	
c2203		2,618		2,624		2,570		2,593		2,622		2,596		-29		222,949		213,499		-692		5,788,041.74	
c2205		2,650		2,657		2,615		2,637		2,652		2,636		-15		86,496		137,294		5,903		2,280,853.67	
c2207		2,656		2,670		2,629		2,648		2,663		2,652		-15		39,089		59,675		656		1,036,825.21	
c2209		2,673		2,680		2,640		2,658		2,674		2,661		-16		2,246		5,067		-39		59,777.69	
c Subtotal	-		-		-		0		0		0		0		1,179,345	1,155,065	-65,242		30,624,036.03	
cs2111		3,173		3,173		3,012		3,105		3,195		3,121		-90		64,228		7,599		-12,653		2,005,132.01	
cs2201		3,121		3,134		3,050		3,084		3,130		3,088		-46		160,113		86,930		-11,020		4,944,303.62	
cs2203		3,121		3,130		3,047		3,083		3,124		3,080		-41		195,482		31,752		1,358		6,021,080.79	
cs2205		3,126		3,135		3,064		3,094		3,136		3,101		-42		6,689		4,907		-481		207,485.56	
cs2207		3,139		3,139		3,054		3,078		3,135		3,087		-57		20,201		12,485		-173		623,762.37	
cs2209		3,118		3,131		3,058		3,077		3,131		3,101		-54		79		159		7		2,450.1		
cs Subtotal	-		-		-		0		0		0		0		446,792		143,832		-22,962		13,804,214.45	
eb2111		9,185		9,350		8,946		9,253		9,326		9,146		-73		5,843		4,195		-1,338		267,217.58	
eb2112		9,060		9,250		8,895		9,167		9,267		9,106		-100		315,533		96,948		-9,889		14,366,606.08	
eb2201		9,000		9,133		8,800		9,066		9,204		9,010		-138		45,633		40,194		865		2,055,790.16	
eb2202		8,842		9,082		8,740		8,957		9,156		8,926		-199		6,936		20,306		1,041		309,576.13	
eb2203		9,255		9,255		8,334		8,805		9,255		9,228		-450		648		1,509		598		29,900.36	
eb2204		9,039		9,039		8,828		8,851		9,099		8,914		-248		5		222		0		222.85		
eb2205		8,938		9,022		8,707		9,022		9,056		8,872		-34		48		1,702		-4		2,129.28	
eb2206		0		0		0		8,848		9,031		8,848		-183		0		12		0		0		
eb2207		8,766		8,766		8,657		8,657		8,945		8,763		-288		46		5,766		-45		2,015.64	
eb2208		8,749		8,749		8,536		8,597		8,843		8,686		-246		454		8,817		403		19,718.57	
eb2209		0		0		0		8,725		8,882		8,725		-157		0		303		0		0		
eb2210		0		0		0		8,838		8,997		8,838		-159		0		0		0		0		
eb Subtotal	-		-		-		0		0		0		0		375,146		179,974		-8,369		17,053,176.63	
eg2111		5,749		5,901		5,336		5,747		5,995		5,736		-248		1,275		2,262		-1,154		73,137.55	
eg2112		5,590		5,979		5,338		5,810		5,865		5,588		-55		26,486		20,681		-4,161		1,480,066.57	
eg2201		5,600		6,014		5,333		5,773		5,825		5,612		-52		1,260,373	158,453		-20,259		70,733,146.48	
eg2202		5,640		5,976		5,294		5,760		5,835		5,561		-75		59,937		76,985		929		3,333,646.23	
eg2203		5,505		5,881		5,301		5,726		5,783		5,530		-57		12,478		12,695		-133		690,136.05	
eg2204		5,395		5,894		5,215		5,610		5,713		5,496		-103		6,262		6,261		172		344,181.34	
eg2205		5,340		5,847		5,182		5,631		5,583		5,397		48		20,446		23,166		-921		1,103,585.79	
eg2206		5,364		5,364		5,364		5,364		5,694		5,364		-330		1		4		0		53.64		
eg2207		5,348		5,450		5,348		5,450		5,809		5,375		-359		6		4		0		322.53		
eg2208		5,308		5,655		5,207		5,499		5,440		5,300		59		380		6,470		-198		20,140.86	
eg2209		5,126		5,600		5,122		5,507		5,464		5,290		43		41		797		8		2,169.03	
eg2210		0		0		0		5,437		5,615		5,437		-178		0		0		0		0		
eg Subtotal	-		-		-		0		0		0		0		1,387,685	307,778		-25,717		77,780,586.07	
fb2111		1,450		1,450		1,395		1,395		1,400		1,422.5		-5		2		16		-1		28.45		
fb2112		0		0		0		1,421		1,421		1,421		0		0		1		0		0		
fb2201		1,429		1,429.5		1,396		1,412.5		1,418.5		1,415		-6		4,175		1,454		-1		59,081.66	
fb2202		0		0		0		1,375.5		1,378.5		1,375.5		-3		0		0		0		0		
fb2203		0		0		0		1,370.5		1,373.5		1,370.5		-3		0		6		0		0		
fb2204		0		0		0		1,397.5		1,400.5		1,397.5		-3		0		0		0		0		
fb2205		1,418.5		1,436		1,370		1,407.5		1,421		1,410		-13.5		32		25		-22		451.24		
fb2206		0		0		0		1,245		1,254.5		1,245		-9.5		0		1		0		0		
fb2207		0		0		0		1,168.5		1,177.5		1,168.5		-9		0		0		0		0		
fb2208		0		0		0		1,173.5		1,182.5		1,173.5		-9		0		0		0		0		
fb2209		1,420		1,425		1,400		1,425		1,439		1,408		-14		8		15		-3		112.67		
fb2210		0		0		0		1,433		1,464.5		1,433		-31.5		0		0		0		0		
fb Subtotal	-		-		-		0		0		0		0		4,217		1,518		-27		59,674.01	
i2111		688.5		688.5		631		656.5		688.5		685		-32		915		428		-805		62,721		
i2112		696.5		697		639.5		680		699.5		676		-19.5		5,444		14,999		-1,457		368,277.35	
i2201		699		699		639		683.5		700		675		-16.5		1,174,217	420,319		-18,555		79,309,449.15	
i2202		698		698		636.5		680.5		696.5		674.5		-16		6,515		89,983		258		439,510.5	
i2203		699		699		636.5		680		694		672.5		-14		17,315		73,540		-415		1,164,646.6	
i2204		684		689		633		676		688		669		-12		7,751		38,668		-465		518,711.2	
i2205		680		681.5		624		667		680		659		-13		178,623		176,155		2,264		11,777,805.35	
i2206		662		670.5		620		658		668		652.5		-10		3,501		19,703		-54		228,536.25	
i2207		660		663.5		616		652		661.5		644		-9.5		4,146		16,172		-56		267,182		
i2208		661		661		612		650		661		643.5		-11		4,436		27,126		-250		285,572.9	
i2209		652.5		652.5		601		638		648.5		631.5		-10.5		25,996		30,894		4,223		1,642,343.1	
i2210		634		646		600.5		633		642		628		-9		42		52		21		2,639.3		
i Subtotal	-		-		-		0		0		0		0		1,428,901	908,039		-15,291		96,067,394.7	
j2111		4,027		4,288.5		3,753		3,983		4,123.5		3,887.5		-140.5		280		197		-19		108,852.05	
j2112		3,724		4,180		3,512		3,732		3,859		3,731.5		-127		738		454		33		275,412.35	
j2201		3,201		3,392		3,201		3,201		3,637.5		3,234.5		-436.5		63,794		47,319		-20,042		20,635,556.95	
j2202		3,003.5		3,343		3,003.5		3,022.5		3,413		3,060		-390.5		102		92		2		31,213.7	
j2203		2,734.5		3,016		2,734.5		2,851.5		3,107		2,873		-255.5		179		181		-4		51,434.95	
j2204		2,496.5		2,823		2,496.5		2,696		2,836.5		2,699		-140.5		35		37		-5		9,446.5		
j2205		2,485.5		2,650		2,485.5		2,553.5		2,824		2,537		-270.5		18,897		13,671		-2,741		4,794,181.75	
j2206		2,331.5		2,331.5		2,331.5		2,331.5		2,649		2,331.5		-317.5		1		31		0		233.15		
j2207		2,314		2,554		2,213.5		2,480		2,515		2,322		-35		68		54		11		15,792.85	
j2208		2,313		2,501.5		2,197		2,388.5		2,496.5		2,296.5		-108		35		31		2		8,038.15	
j2209		2,350		2,450		2,220		2,398		2,522.5		2,300.5		-124.5		823		475		156		189,335.05	
j2210		2,289		2,401.5		2,288		2,399		2,514		2,319		-115		31		23		7		7,189.4		
j Subtotal	-		-		-		0		0		0		0		84,983		62,565		-22,600		26,126,686.85	
jd2111		4,908		4,920		4,833		4,882		4,938		4,876		-56		318		815		-125		15,508.82	
jd2112		4,810		4,830		4,780		4,810		4,888		4,808		-78		1,585		4,391		-174		76,221.84	
jd2201		4,550		4,559		4,480		4,514		4,609		4,521		-95		143,944		128,954		-7,933		6,508,975.53	
jd2202		3,935		3,935		3,881		3,918		3,962		3,904		-44		5,502		34,270		-958		214,818.43	
jd2203		3,901		3,914		3,878		3,900		3,939		3,895		-39		2,877		29,511		38		112,081.66	
jd2204		4,116		4,137		4,106		4,131		4,165		4,115		-34		191		12,543		27		7,861.39	
jd2205		4,271		4,294		4,259		4,288		4,289		4,278		-1		6,354		22,091		-378		271,876.92	
jd2206		4,120		4,156		4,107		4,155		4,126		4,125		29		647		5,826		308		26,690.41	
jd2207		4,355		4,381		4,349		4,375		4,402		4,365		-27		152		2,650		-87		6,635.72	
jd2208		4,931		4,950		4,915		4,927		4,928		4,921		-1		123		6,457		3		6,053.7		
jd2209		4,700		4,706		4,671		4,689		4,696		4,686		-7		423		5,128		-57		19,824.08	
jd2210		4,424		4,428		4,415		4,428		4,424		4,423		4		42		83		20		1,857.87	
jd Subtotal	-		-		-		0		0		0		0		162,158		252,719		-9,316		7,268,406.37	
jm2111		3,623		3,741		3,393		3,520		3,728.5		3,458		-208.5		771		730		-371		159,969.78	
jm2112		3,040		3,040		2,768		2,807		3,145		2,856.5		-338		462		614		-86		79,183.02	
jm2201		2,503		2,650		2,503		2,503		2,844		2,525		-341		69,688		50,362		-24,795		10,558,443.51	
jm2202		2,404		2,492.5		2,307		2,340		2,621.5		2,356		-281.5		377		364		-12		53,297.07	
jm2203		2,310		2,358		2,174.5		2,219		2,470.5		2,237.5		-251.5		339		890		16		45,519.99	
jm2204		2,112		2,186		2,022.5		2,092.5		2,298		2,083		-205.5		133		191		29		16,622.94	
jm2205		1,949		2,077.5		1,921.5		1,947.5		2,183		1,966.5		-235.5		22,958		15,240		-4,924		2,709,198.18	
jm2206		1,873		1,954		1,825		1,919.5		2,073.5		1,883		-154		29		92		-1		3,277.26	
jm2207		1,823		1,948.5		1,768		1,850		2,009		1,828		-159		75		69		-2		8,226.12	
jm2208		1,823		1,977.5		1,772.5		1,799		2,014		1,842		-215		34		64		-1		3,757.74	
jm2209		1,837		1,898		1,756		1,814		1,995		1,806		-181		621		434		-25		67,302.87	
jm2210		1,806		1,882.5		1,745.5		1,830		1,918		1,776		-88		39		29		9		4,156.89	
jm Subtotal	-		-		-		0		0		0		0		95,526		69,079		-30,163		13,708,955.37	
l2111		8,895		8,895		8,630		8,800		9,020		8,800		-220		2,158		1,798		-1,250		95,004.23	
l2112		8,780		8,890		8,660		8,815		8,975		8,755		-160		6,376		47,660		-2,852		279,121.03	
l2201		8,730		8,875		8,570		8,760		8,895		8,700		-135		593,760		246,379		-24,427		25,839,138.58	
l2202		8,690		8,875		8,570		8,765		8,865		8,710		-100		26,891		123,922		2,843		1,171,270.28	
l2203		8,735		8,870		8,565		8,770		8,935		8,700		-165		20,302		34,380		1,552		883,336.18	
l2204		8,715		8,830		8,550		8,745		8,910		8,670		-165		13,207		26,951		1,051		572,715.43	
l2205		8,665		8,760		8,500		8,685		8,855		8,605		-170		42,864		30,747		865		1,844,910.8	
l2206		8,515		8,515		8,515		8,515		8,795		8,515		-280		2		1,578		0		85.15		
l2207		0		0		0		8,730		8,750		8,730		-20		0		10		0		0		
l2208		8,565		8,680		8,525		8,680		8,945		8,545		-265		393		5,914		9		16,800.68	
l2209		8,605		8,720		8,500		8,665		8,830		8,575		-165		83		1,460		13		3,559.33	
l2210		0		0		0		8,725		8,725		8,725		0		0		3		0		0		
l Subtotal	-		-		-		0		0		0		0		706,036		520,802		-22,196		30,705,941.65	
lh2111		14,800		14,915		14,565		14,690		14,670		14,665		20		779		659		-485		182,802.08	
lh2201		17,495		17,670		16,895		17,385		17,370		17,315		15		51,569		41,927		-2,140		14,289,658.64	
lh2203		15,480		15,610		15,020		15,340		15,420		15,310		-80		8,234		22,660		-62		2,017,284.72	
lh2205		16,435		16,510		15,780		16,110		16,435		16,085		-325		5,886		19,834		352		1,514,869.2	
lh2207		17,470		17,680		16,800		17,235		17,540		17,175		-305		585		3,593		6		160,774.16	
lh2209		18,400		18,445		17,945		18,110		18,370		18,120		-260		541		4,647		-44		156,871.68	
lh Subtotal	-		-		-		0		0		0		0		67,594		93,320		-2,373		18,322,260.48	
m2111		3,529		3,532		3,357		3,366		3,543		3,492		-177		3,812		6,848		-1,791		133,130.08	
m2112		3,429		3,456		3,383		3,409		3,426		3,422		-17		77,849		65,265		-5,795		2,664,434.87	
m2201		3,250		3,279		3,234		3,259		3,249		3,257		10		896,423		1,167,928	-11,922		29,202,126.84	
m2203		3,066		3,093		3,052		3,080		3,072		3,078		8		89,523		303,710		2,790		2,756,125.58	
m2205		3,025		3,062		3,019		3,055		3,025		3,046		30		304,681		724,236		29,451		9,280,924.14	
m2207		3,031		3,062		3,024		3,053		3,031		3,047		22		54,772		108,941		2,868		1,668,941.23	
m2208		3,101		3,131		3,096		3,124		3,100		3,119		24		14,860		43,865		1,025		463,497.95	
m2209		3,108		3,131		3,095		3,122		3,099		3,120		23		11,535		37,723		556		359,927.04	
m Subtotal	-		-		-		0		0		0		0		1,453,455	2,458,516	17,182		46,529,107.73	
p2111		10,420		10,420		9,800		10,038		10,162		10,392		-124		1,133		1,997		-1,097		117,744.16	
p2112		9,860		9,912		9,524		9,742		9,922		9,712		-180		28,322		29,232		-4,390		2,750,856.94	
p2201		9,574		9,580		9,256		9,442		9,632		9,440		-190		1,312,414	338,165		-21,410		123,893,062.3	
p2202		9,368		9,368		9,056		9,230		9,440		9,230		-210		54,890		79,334		2,214		5,066,478.3	
p2203		9,150		9,158		8,856		9,030		9,236		9,026		-206		28,045		37,632		2,054		2,531,454.4	
p2204		8,926		8,926		8,626		8,802		9,008		8,780		-206		11,358		22,783		827		997,447.34	
p2205		8,748		8,748		8,428		8,592		8,816		8,594		-224		84,925		58,178		2,396		7,300,024.78	
p2206		8,466		8,546		8,464		8,506		8,750		8,494		-244		4		544		-2		339.82		
p2207		8,564		8,566		8,268		8,410		8,656		8,446		-246		9		1,225		0		760.3		
p2208		8,368		8,368		8,128		8,250		8,460		8,200		-210		47		3,182		41		3,854.2		
p2209		8,300		8,300		8,002		8,106		8,376		8,126		-270		431		443		-48		35,028.94	
p2210		8,156		8,158		7,886		8,016		8,300		8,038		-284		14		9		0		1,125.48	
p Subtotal	-		-		-		0		0		0		0		1,521,592	572,724		-19,415		142,698,176.96	
pg2111		5,626		5,650		5,386		5,468		5,697		5,536		-229		2,715		3,031		-661		300,650.08	
pg2112		5,622		5,649		5,322		5,464		5,737		5,522		-273		257,380		56,082		-3,025		28,425,120.12	
pg2201		5,549		5,650		5,307		5,436		5,676		5,505		-240		44,139		30,441		-749		4,860,014.04	
pg2202		5,467		5,547		5,235		5,346		5,576		5,423		-230		4,034		11,293		357		437,604.96	
pg2203		5,150		5,323		5,087		5,139		5,359		5,203		-220		164		2,437		1		17,067.54	
pg2204		5,480		5,558		5,332		5,403		5,594		5,442		-191		72		756		-13		7,837.42	
pg2205		5,360		5,459		5,180		5,266		5,478		5,335		-212		345		3,459		3		36,816.14	
pg2206		5,287		5,341		5,260		5,285		5,341		5,292		-56		8		14		-5		846.76		
pg2207		5,199		5,299		5,023		5,166		5,199		5,130		-33		943		3,322		-175		96,762.9	
pg2208		0		0		0		5,203		5,272		5,203		-69		0		229		0		0		
pg2209		5,099		5,099		5,099		5,099		5,018		5,099		81		1		15		1		101.98		
pg2210		0		0		0		5,181		5,181		5,181		0		0		0		0		0		
pg Subtotal	-		-		-		0		0		0		0		309,801		111,079		-4,266		34,182,821.94	
pp2111		8,748		8,796		8,501		8,696		8,754		8,735		-58		1,232		5,686		-1,157		53,813.55	
pp2112		8,475		8,773		8,411		8,644		8,705		8,574		-61		134,336		46,214		-5,569		5,759,369.11	
pp2201		8,560		8,788		8,434		8,658		8,717		8,597		-59		1,195,691	289,884		-32,004		51,399,998.14	
pp2202		8,553		8,765		8,422		8,640		8,702		8,576		-62		88,444		149,060		725		3,792,823.69	
pp2203		8,595		8,749		8,421		8,620		8,703		8,568		-83		23,706		37,117		-320		1,015,594.85	
pp2204		8,565		8,757		8,419		8,631		8,724		8,572		-93		14,881		24,843		70		637,820.41	
pp2205		8,532		8,747		8,403		8,619		8,697		8,537		-78		27,136		44,507		2,658		1,158,402.09	
pp2206		0		0		0		8,722		8,764		8,722		-42		0		2,419		0		0		
pp2207		0		0		0		8,491		8,650		8,491		-159		0		563		0		0		
pp2208		8,492		8,492		8,492		8,492		8,596		8,492		-104		430		3,891		430		18,257.8	
pp2209		8,422		8,739		8,422		8,698		8,634		8,552		64		180		452		-28		7,697.37	
pp2210		0		0		0		8,699		8,782		8,699		-83		0		0		0		0		
pp Subtotal	-		-		-		0		0		0		0		1,486,036	604,636		-35,195		63,843,777	
rr2111		3,330		3,379		3,325		3,340		3,338		3,337		2		21		39		-19		700.8		
rr2112		3,440		3,446		3,425		3,441		3,441		3,437		0		6,685		8,682		-1,461		229,820.67	
rr2201		3,455		3,474		3,453		3,459		3,461		3,464		-2		5,973		8,859		-190		206,905.23	
rr2202		3,500		3,500		3,466		3,474		3,474		3,476		0		4,209		6,292		-205		146,343.06	
rr2203		3,500		3,502		3,454		3,488		3,489		3,489		-1		472		2,106		114		16,472.65	
rr2204		0		0		0		3,497		3,497		3,497		0		0		3		0		0		
rr2205		3,530		3,540		3,523		3,531		3,542		3,533		-11		20		281		-3		706.65		
rr2206		0		0		0		3,551		3,551		3,551		0		0		8		0		0		
rr2207		0		0		0		3,569		3,571		3,569		-2		0		5		0		0		
rr2208		0		0		0		3,628		3,628		3,628		0		0		12		0		0		
rr2209		0		0		0		3,600		3,600		3,600		0		0		91		0		0		
rr2210		0		0		0		3,607		3,607		3,607		0		0		0		0		0		
rr Subtotal	-		-		-		0		0		0		0		17,380		26,378		-1,764		600,949.06	
v2111		9,995		9,995		9,595		9,785		10,315		9,945		-530		1,424		5,990		-1,341		70,823.35	
v2112		9,465		10,005		9,140		9,820		9,785		9,495		35		12,457		31,862		-3,059		591,407.53	
v2201		9,075		9,700		8,790		9,545		9,425		9,185		120		1,552,723	255,745		-37,301		71,333,385.58	
v2202		9,075		9,515		8,645		9,360		9,270		9,060		90		30,750		108,644		-407		1,393,279.53	
v2203		8,850		9,330		8,520		9,210		9,110		8,915		100		6,667		32,459		54		297,291.33	
v2204		8,825		9,415		8,555		9,315		9,130		8,965		185		13,393		20,798		1,368		600,510.8	
v2205		8,750		9,335		8,500		9,225		9,045		8,910		180		98,974		41,564		-1,355		4,410,226.9	
v2206		8,735		9,130		8,720		9,130		9,255		8,925		-125		4		29		-1		178.58		
v2207		8,455		8,860		8,455		8,860		9,065		8,765		-205		10		82		-3		438.43		
v2208		8,815		9,240		8,815		9,080		9,020		9,020		60		40		4,435		33		1,804.1		
v2209		8,590		9,185		8,425		9,020		8,950		8,800		70		451		1,961		-125		19,849.83	
v2210		8,950		8,955		8,595		8,700		9,415		8,785		-715		13		1		1		571.2		
v Subtotal	-		-		-		0		0		0		0		1,716,906	503,570		-42,136		78,719,767.13	
y2111		10,318		10,318		9,960		10,028		10,318		10,182		-290		908		1,599		-771		92,470.32	
y2112		10,092		10,122		9,860		10,022		10,148		10,020		-126		10,754		34,756		-2,248		1,077,740.64	
y2201		9,880		9,890		9,610		9,772		9,940		9,764		-168		1,078,283	404,641		-27,668		105,294,667.92	
y2203		9,472		9,474		9,188		9,352		9,552		9,336		-200		35,973		99,330		3,783		3,359,064.6	
y2205		9,116		9,144		8,838		8,994		9,218		8,996		-224		125,120		148,366		6,797		11,255,883.98	
y2207		8,880		8,928		8,636		8,780		9,018		8,796		-238		26,886		57,331		1,924		2,365,296.9	
y2208		8,884		8,884		8,608		8,746		8,986		8,746		-240		14,119		21,558		489		1,235,093.46	
y2209		8,820		8,820		8,512		8,660		8,898		8,682		-238		508		1,469		5		44,105.12	
y Subtotal	-		-		-		0		0		0		0		1,292,551	769,050		-17,689		124,724,322.94	
Total		-		-		-		0		0		0		0		13,992,671	8,982,104	-339,486	837,286,186.52	
